[gd_scene load_steps=2 format=3 uid="uid://crlg7eftdrngl"]

[sub_resource type="StandardMaterial3D" id="StandardMaterial3D_s2c5l"]
albedo_color = Color(0.381403, 0.14673, 0.0982106, 1)

[node name="ground" type="CSGBox3D" groups=["Lose"]]
transform = Transform3D(1, 0, 0, 0, 1, 0, 0, 0, 1, 0, 0.5, 0)
use_collision = true
size = Vector3(1, 2, 9)
material = SubResource("StandardMaterial3D_s2c5l")

[node name="wall" type="CSGBox3D" parent="." groups=["Lose"]]
transform = Transform3D(1, 0, 0, 0, -0.0410561, 0.999157, 0, -0.999157, -0.0410561, -4.96181, 0.709428, 5.91778)
use_collision = true
size = Vector3(11.1109, 3.03104, 4.97726)
material = SubResource("StandardMaterial3D_s2c5l")

[node name="wall5" type="CSGBox3D" parent="." groups=["Lose"]]
transform = Transform3D(1, 0, 0, 0, -0.990447, 0.137894, 0, -0.137894, -0.990447, -4.36941, 6.01681, 1.1942)
use_collision = true
size = Vector3(10.3963, 1.25598, 3.12543)
material = SubResource("StandardMaterial3D_s2c5l")

[node name="wall9" type="CSGBox3D" parent="." groups=["Lose"]]
transform = Transform3D(0.998878, -0.0468982, 0.00652935, -0.0473505, -0.989336, 0.137739, 0, -0.137894, -0.990447, -6.14153, 0.102126, 2.78936)
use_collision = true
size = Vector3(10.3963, 1.25598, 3.12543)
material = SubResource("StandardMaterial3D_s2c5l")

[node name="wall10" type="CSGBox3D" parent="." groups=["Lose"]]
transform = Transform3D(0.998878, -0.0468982, 0.00652935, -0.0473505, -0.989336, 0.137739, 0, -0.137894, -0.990447, -6.14153, -0.270545, -0.0598381)
use_collision = true
size = Vector3(10.3963, 1.25598, 3.12543)
material = SubResource("StandardMaterial3D_s2c5l")

[node name="wall11" type="CSGBox3D" parent="." groups=["Lose"]]
transform = Transform3D(0.998878, -0.0468982, 0.00652935, -0.0473505, -0.989336, 0.137739, 0, -0.137894, -0.990447, -6.14153, 0.435323, -3.1626)
use_collision = true
size = Vector3(10.3963, 1.25598, 3.12543)
material = SubResource("StandardMaterial3D_s2c5l")

[node name="wall6" type="CSGBox3D" parent="." groups=["Lose"]]
transform = Transform3D(1, 0, 0, 0, -0.990447, 0.137894, 0, -0.137894, -0.990447, -4.20416, 6.01681, -1.40099)
use_collision = true
size = Vector3(9.71515, 1.25598, 3.12543)
material = SubResource("StandardMaterial3D_s2c5l")

[node name="wall7" type="CSGBox3D" parent="." groups=["Lose"]]
transform = Transform3D(1, 0, 0, 0, -0.956509, -0.291704, 0, 0.291704, -0.956509, -4.18536, 6.01681, -3.83843)
use_collision = true
size = Vector3(9.67756, 1.25598, 3.12543)
material = SubResource("StandardMaterial3D_s2c5l")

[node name="wall8" type="CSGBox3D" parent="." groups=["Lose"]]
transform = Transform3D(1, 0, 0, 0, -0.321836, -0.946796, 0, 0.946796, -0.321836, -4.10968, 4.32677, -5.64275)
use_collision = true
size = Vector3(9.52619, 1.25598, 3.12543)
material = SubResource("StandardMaterial3D_s2c5l")

[node name="wall4" type="CSGBox3D" parent="." groups=["Lose"]]
transform = Transform3D(1, 0, 0, 0, -0.698016, 0.716083, 0, -0.716083, -0.698016, -4.74807, 5.34919, 3.33725)
use_collision = true
size = Vector3(11.1536, 1.25598, 3.12543)
material = SubResource("StandardMaterial3D_s2c5l")

[node name="wall3" type="CSGBox3D" parent="." groups=["Lose"]]
transform = Transform3D(1, 0, 0, 0, -0.424737, 0.905317, 0, -0.905317, -0.424737, -5.2156, 3.28432, 4.85275)
use_collision = true
size = Vector3(12.0887, 1.25598, 4.17209)
material = SubResource("StandardMaterial3D_s2c5l")

[node name="wall2" type="CSGBox3D" parent="." groups=["Lose"]]
transform = Transform3D(1, 0, 0, 0, -0.0410561, 0.999157, 0, -0.999157, -0.0410561, -4.19783, -0.0198801, -5.79829)
use_collision = true
size = Vector3(10.3361, 2.78424, 6.30138)
material = SubResource("StandardMaterial3D_s2c5l")
