[gd_scene load_steps=13 format=3 uid="uid://o0ou51n0ywi2"]

[ext_resource type="Script" path="res://node_3d.gd" id="1_2temp"]
[ext_resource type="AudioStream" uid="uid://s14abaxkvt1w" path="res://audio/SFX - Death Explosion.ogg" id="2_8sos7"]
[ext_resource type="AudioStream" uid="uid://d1f33r8ff226i" path="res://audio/SFX - Success.ogg" id="3_7gk6l"]
[ext_resource type="AudioStream" uid="uid://beevlr0hjwywg" path="res://audio/SFX - Main engine thrust.ogg" id="4_5c2g2"]
[ext_resource type="PackedScene" uid="uid://ux6ivcx1ovdp" path="res://booster_particles.tscn" id="5_6vtby"]
[ext_resource type="PackedScene" uid="uid://dcecb8hw7dbrv" path="res://particles/explosion_particles.tscn" id="6_ns71s"]
[ext_resource type="PackedScene" uid="uid://jfwajmrh6ca7" path="res://particles/success_particles.tscn" id="7_2sg0g"]

[sub_resource type="CylinderShape3D" id="CylinderShape3D_nbbyu"]

[sub_resource type="CylinderMesh" id="CylinderMesh_s5ee7"]

[sub_resource type="CylinderMesh" id="CylinderMesh_ik4e6"]
top_radius = 0.0
bottom_radius = 0.125
height = 0.25

[sub_resource type="CylinderMesh" id="CylinderMesh_cfpqn"]
top_radius = 0.125
bottom_radius = 0.125
height = 0.5

[sub_resource type="CylinderMesh" id="CylinderMesh_7qq8o"]
top_radius = 0.0
bottom_radius = 0.06
height = 0.12

[node name="Node3D" type="RigidBody3D"]
transform = Transform3D(0.971669, 0, 0.236346, 0, 1, 0, -0.236346, 0, 0.971669, 0, 0, 0)
axis_lock_linear_x = true
axis_lock_angular_y = true
axis_lock_angular_z = true
contact_monitor = true
max_contacts_reported = 10
linear_damp = 3.03
angular_damp = 3.03
script = ExtResource("1_2temp")

[node name="CollisionShape3D" type="CollisionShape3D" parent="."]
transform = Transform3D(0.5, 0, 0, 0, 0.5, 0, 0, 0, 0.5, 0, 0, 0)
shape = SubResource("CylinderShape3D_nbbyu")

[node name="MeshInstance3D" type="MeshInstance3D" parent="."]
transform = Transform3D(0.5, 0, 0, 0, 0.5, 0, 0, 0, 0.5, 0, 0, 0)
visible = false
mesh = SubResource("CylinderMesh_s5ee7")

[node name="death" type="AudioStreamPlayer" parent="."]
stream = ExtResource("2_8sos7")

[node name="success" type="AudioStreamPlayer" parent="."]
stream = ExtResource("3_7gk6l")

[node name="engine_thrust" type="AudioStreamPlayer3D" parent="."]
stream = ExtResource("4_5c2g2")

[node name="BoosterParticles" parent="." instance=ExtResource("5_6vtby")]
transform = Transform3D(1, 0, 0, 0, 1, 0, 0, 0, 1, 0, -0.390728, 0)
emitting = false

[node name="left_booster" parent="." instance=ExtResource("5_6vtby")]
transform = Transform3D(-0.289296, 0.830146, 0.476619, 0.838665, -0.0202227, 0.544273, 0.461464, 0.557179, -0.690364, 0.107172, -0.381709, -0.0526222)
emitting = false

[node name="r_rocket_booster" parent="." instance=ExtResource("5_6vtby")]
transform = Transform3D(0.939388, 0.0547453, 0.338458, -0.200792, 0.888013, 0.413661, -0.27791, -0.456547, 0.845181, -0.0731926, -0.382701, -0.0964937)
emitting = false

[node name="ExplosionParticles" parent="." instance=ExtResource("6_ns71s")]
transform = Transform3D(-0.289296, 0.830146, 0.476619, 0.838665, -0.0202227, 0.544273, 0.461464, 0.557179, -0.690364, 0.0180713, 0.0879922, -0.0742949)

[node name="SuccessParticles" parent="." instance=ExtResource("7_2sg0g")]
transform = Transform3D(-0.289296, 0.830146, 0.476619, 0.838665, -0.0202227, 0.544273, 0.461464, 0.557179, -0.690364, 0.0180713, 0.0879922, -0.0742949)

[node name="top_cone" type="MeshInstance3D" parent="."]
transform = Transform3D(1, 0, 0, 0, 1, 0, 0, 0, 1, 0, 0.375, 0)
mesh = SubResource("CylinderMesh_ik4e6")

[node name="main_body" type="MeshInstance3D" parent="top_cone"]
transform = Transform3D(1, 0, 0, 0, 1, 0, 0, 0, 1, 0, -0.375, 0)
mesh = SubResource("CylinderMesh_cfpqn")
skeleton = NodePath("../..")

[node name="nozzel" type="MeshInstance3D" parent="top_cone"]
transform = Transform3D(1, 0, 0, 0, 1, 0, 0, 0, 1, 0.0857554, -0.67308, 0.0208589)
mesh = SubResource("CylinderMesh_7qq8o")
skeleton = NodePath("../..")

[node name="nozzel2" type="MeshInstance3D" parent="top_cone"]
transform = Transform3D(1, 0, 0, 0, 1, 0, 0, 0, 1, -0.00504502, -0.67308, -0.00122713)
mesh = SubResource("CylinderMesh_7qq8o")
skeleton = NodePath("../..")

[node name="nozzel3" type="MeshInstance3D" parent="top_cone"]
transform = Transform3D(1, 0, 0, 0, 1, 0, 0, 0, 1, -0.102936, -0.67308, -0.0250378)
mesh = SubResource("CylinderMesh_7qq8o")
skeleton = NodePath("../..")

[connection signal="body_entered" from="." to="." method="_on_body_entered"]
